currentTime,naiveAgent,rationalAgent,rubyAgent,allAgent
19:00:00,13,16,3,32
19:01:00,15,17,3,35
19:02:00,17,18,3,38
19:03:00,19,19,4,42
19:04:00,21,20,4,45
19:05:00,24,21,4,49
19:06:00,26,22,4,52
19:07:00,29,23,5,57
19:08:00,32,24,5,61
19:09:00,35,26,6,67
19:10:00,38,27,6,71
19:11:00,42,28,6,76
19:12:00,46,29,7,82
19:13:00,50,31,7,88
19:14:00,54,32,8,94
19:15:00,58,34,9,101
19:16:00,63,35,9,107
19:17:00,67,37,10,114
19:18:00,72,38,10,120
19:19:00,77,40,11,128
19:20:00,82,41,12,135
19:21:00,87,43,12,142
19:22:00,92,44,13,149
19:23:00,97,46,14,157
19:24:00,102,48,15,165
19:25:00,107,49,16,172
19:26:00,113,51,17,181
19:27:00,117,52,17,186
19:28:00,122,54,18,194
19:29:00,127,56,19,202
19:30:00,131,57,20,208
19:31:00,136,59,21,216
19:32:00,140,61,22,223
19:33:00,143,62,24,229
19:34:00,147,64,25,236
19:35:00,150,66,26,242
19:36:00,153,67,27,247
19:37:00,155,69,28,252
19:38:00,157,70,29,256
19:39:00,158,72,31,261
19:40:00,159,73,32,264
19:41:00,160,75,33,268
19:42:00,160,76,35,271
19:43:00,160,78,36,274
19:44:00,159,79,37,275
19:45:00,158,80,39,277
19:46:00,157,81,40,278
19:47:00,155,83,42,280
19:48:00,152,84,43,279
19:49:00,150,85,44,279
19:50:00,146,87,46,279
19:51:00,143,88,47,278
19:52:00,139,88,49,276
19:53:00,135,89,50,274
19:54:00,131,90,52,273
19:55:00,126,91,53,270
19:56:00,122,92,54,268
19:57:00,117,93,56,266
19:58:00,112,93,57,262
19:59:00,107,93,59,259
20:00:00,102,95,60,257
20:01:00,97,95,61,253
20:02:00,91,96,63,250
20:03:00,86,96,64,246
20:04:00,81,96,65,242
20:05:00,76,97,66,239
20:06:00,71,96,67,234
20:07:00,67,97,69,233
20:08:00,62,98,70,230
20:09:00,58,97,71,226
20:10:00,53,97,72,222
20:11:00,49,98,73,220
20:12:00,45,97,73,215
20:13:00,42,97,74,213
20:14:00,38,97,75,210
20:15:00,35,97,76,208
20:16:00,32,97,76,205
20:17:00,30,97,77,204
20:18:00,27,97,77,201
20:19:00,24,97,78,199
20:20:00,22,98,78,198
20:21:00,20,98,78,196
20:22:00,18,97,79,194
20:23:00,17,98,79,194
20:24:00,15,97,79,191
20:25:00,14,98,79,191
20:26:00,12,98,79,189
20:27:00,12,98,79,189
20:28:00,11,98,78,187
20:29:00,10,98,78,186
20:30:00,10,98,78,186
20:31:00,9,99,77,185
20:32:00,9,99,77,185
20:33:00,9,99,76,184
20:34:00,9,100,76,185
20:35:00,9,100,75,184
20:36:00,9,100,74,183
20:37:00,10,101,74,185
20:38:00,11,101,73,185
20:39:00,10,101,72,183
20:40:00,11,102,71,184
20:41:00,12,102,70,184
20:42:00,13,102,69,184
20:43:00,13,103,68,184
20:44:00,15,103,67,185
20:45:00,16,104,65,185
20:46:00,17,104,64,185
20:47:00,18,105,63,186
20:48:00,20,104,62,186
20:49:00,21,105,60,186
20:50:00,23,105,59,187
20:51:00,25,105,58,188
20:52:00,27,105,56,188
20:53:00,29,105,55,189
20:54:00,31,105,53,189
20:55:00,33,106,52,191
20:56:00,35,105,51,191
20:57:00,37,105,49,191
20:58:00,40,104,48,192
20:59:00,42,104,46,192
21:00:00,45,104,45,194
21:01:00,47,103,43,193
21:02:00,50,102,42,194
21:03:00,53,102,40,195
21:04:00,56,101,39,196
21:05:00,59,100,38,197
21:06:00,62,98,36,196
21:07:00,65,97,35,197
21:08:00,68,96,34,198
21:09:00,71,94,32,197
21:10:00,75,93,31,199
21:11:00,78,92,30,200
21:12:00,82,90,30,202
21:13:00,85,88,28,201
21:14:00,88,86,27,201
21:15:00,92,84,26,202
21:16:00,95,83,25,203
21:17:00,99,80,25,204
21:18:00,102,79,24,205
21:19:00,106,76,23,205
21:20:00,109,74,23,206
21:21:00,112,71,22,205
21:22:00,116,70,21,207
21:23:00,119,68,21,208
21:24:00,122,65,20,207
21:25:00,125,63,20,208
21:26:00,128,61,19,208
21:27:00,131,58,19,208
21:28:00,133,56,20,209
21:29:00,136,54,20,210
21:30:00,138,52,20,210
21:31:00,141,49,20,210
21:32:00,143,47,21,211
21:33:00,145,45,21,211
21:34:00,146,43,22,211
21:35:00,148,41,22,211
21:36:00,149,38,23,210
21:37:00,151,36,24,211
21:38:00,152,34,25,211
21:39:00,152,32,26,210
21:40:00,153,31,28,212
21:41:00,153,29,29,211
21:42:00,154,27,31,212
21:43:00,153,26,33,212
21:44:00,153,23,34,210
21:45:00,153,22,36,211
21:46:00,152,20,39,211
21:47:00,151,19,40,210
21:48:00,150,18,43,211
21:49:00,149,16,46,211
21:50:00,147,15,49,211
21:51:00,146,14,51,211
21:52:00,144,13,54,211
21:53:00,142,12,57,211
21:54:00,140,11,60,211
21:55:00,138,10,63,211
21:56:00,135,9,66,210
21:57:00,133,9,69,211
21:58:00,130,8,73,211
21:59:00,127,7,76,210
22:00:00,124,6,80,210
22:01:00,121,6,83,210
22:02:00,118,5,87,210
22:03:00,115,5,90,210
22:04:00,111,4,93,208
22:05:00,108,4,96,208
22:06:00,105,3,100,208
22:07:00,101,3,103,207
22:08:00,98,3,107,208
22:09:00,94,2,110,206
22:10:00,91,2,113,206
22:11:00,87,2,116,205
22:12:00,84,2,119,205
22:13:00,81,1,121,203
22:14:00,77,1,124,202
22:15:00,74,1,126,201
22:16:00,71,1,128,200
22:17:00,67,1,130,198
22:18:00,64,1,132,197
22:19:00,61,0,133,194
22:20:00,58,0,135,193
22:21:00,55,0,136,191
22:22:00,52,0,136,188
22:23:00,49,0,137,186
22:24:00,47,0,137,184
22:25:00,44,0,137,181
22:26:00,41,0,137,178
22:27:00,39,0,136,175
22:28:00,37,0,136,173
22:29:00,34,0,135,169
22:30:00,32,0,134,166
22:31:00,30,0,132,162
22:32:00,28,0,131,159
22:33:00,26,0,129,155
22:34:00,24,0,127,151
22:35:00,23,0,124,147
22:36:00,21,0,122,143
22:37:00,19,0,119,138
22:38:00,18,0,116,134
22:39:00,17,0,114,131
22:40:00,15,0,110,125
22:41:00,14,0,107,121
22:42:00,13,0,104,117
22:43:00,12,0,101,113
22:44:00,11,0,97,108
22:45:00,10,0,94,104
22:46:00,9,0,90,99
22:47:00,8,0,87,95
22:48:00,8,0,83,91
22:49:00,7,0,80,87
22:50:00,6,0,76,82
22:51:00,6,0,72,78
22:52:00,5,0,69,74
22:53:00,5,0,66,71
22:54:00,4,0,62,66
22:55:00,4,0,59,63
22:56:00,3,0,56,59
22:57:00,3,0,52,55
22:58:00,3,0,49,52
22:59:00,2,0,46,48
23:00:00,2,0,43,45
23:01:00,2,0,41,43
23:02:00,2,0,38,40
23:03:00,1,0,35,36
23:04:00,1,0,33,34
23:05:00,1,0,31,32
23:06:00,1,0,28,29
23:07:00,1,0,26,27
23:08:00,1,0,24,25
23:09:00,0,0,22,22
23:10:00,0,0,21,21
23:11:00,0,0,19,19
23:12:00,0,0,17,17
23:13:00,0,0,16,16
23:14:00,0,0,14,14
23:15:00,0,0,13,13
23:16:00,0,0,12,12
23:17:00,0,0,11,11
23:18:00,0,0,10,10
23:19:00,0,0,9,9
23:20:00,0,0,8,8
23:21:00,0,0,7,7
23:22:00,0,0,6,6
23:23:00,0,0,6,6
23:24:00,0,0,5,5
23:25:00,0,0,4,4
23:26:00,0,0,4,4
23:27:00,0,0,3,3
23:28:00,0,0,3,3
23:29:00,0,0,3,3
23:30:00,0,0,2,2
23:31:00,0,0,2,2
23:32:00,0,0,2,2
23:33:00,0,0,1,1
23:34:00,0,0,1,1
23:35:00,0,0,1,1
23:36:00,0,0,1,1
23:37:00,0,0,1,1
23:38:00,0,0,1,1
23:39:00,0,0,0,0
23:40:00,0,0,0,0
23:41:00,0,0,0,0
23:42:00,0,0,0,0
23:43:00,0,0,0,0
23:44:00,0,0,0,0
23:45:00,0,0,0,0
23:46:00,0,0,0,0
23:47:00,0,0,0,0
23:48:00,0,0,0,0
23:49:00,0,0,0,0
23:50:00,0,0,0,0
23:51:00,0,0,0,0
23:52:00,0,0,0,0
23:53:00,0,0,0,0
23:54:00,0,0,0,0
23:55:00,0,0,0,0
23:56:00,0,0,0,0
23:57:00,0,0,0,0
23:58:00,0,0,0,0
23:59:00,0,0,0,0
