time30sec,naiveAgent,rationalAgent,rubyAgent,sumType
1900,13,0,0,13
1901.666667,13,0,0,13
1903.333333,13,0,0,13
1905,13,0,0,13
1906.666667,13,0,0,13
1908.333333,14,0,0,14
1910,14,0,0,14
1911.666667,14,0,0,14
1913.333333,14,0,0,14
1915,15,0,0,15
1916.666667,15,0,0,15
1918.333333,15,0,0,15
1920,15,0,0,15
1921.666667,15,0,0,15
1923.333333,16,0,0,16
1925,16,0,0,16
1926.666667,16,0,0,16
1928.333333,16,0,0,16
1930,16,0,0,16
1931.666667,17,0,0,17
1933.333333,17,0,0,17
1935,17,0,0,17
1936.666667,17,0,0,17
1938.333333,17,0,0,17
1940,17,0,0,17
1941.666667,17,0,1,18
1943.333333,18,0,1,19
1945,18,0,1,19
1946.666667,18,0,1,19
1948.333333,18,0,1,19
1950,18,0,1,19
1951.666667,18,1,1,20
1953.333333,18,1,1,20
1955,18,1,1,20
1956.666667,18,1,1,20
1958.333333,19,1,1,21
1960,19,1,1,21
1961.666667,19,1,1,21
1963.333333,19,1,1,21
1965,19,1,1,21
1966.666667,19,1,2,22
1968.333333,19,2,2,23
1970,19,2,2,23
1971.666667,19,2,2,23
1973.333333,19,2,2,23
1975,19,2,2,23
1976.666667,19,2,2,23
1978.333333,19,2,2,23
1980,19,3,2,24
1981.666667,19,3,2,24
1983.333333,19,3,3,25
1985,19,3,3,25
1986.666667,19,3,3,25
1988.333333,19,4,3,26
1990,19,4,3,26
1991.666667,18,4,3,25
1993.333333,18,4,3,25
1995,18,4,3,25
1996.666667,18,5,4,27
1998.333333,18,5,4,27
2000,18,5,4,27
2001.666667,18,5,4,27
2003.333333,18,6,4,28
2005,18,6,4,28
2006.666667,17,6,4,27
2008.333333,17,6,5,28
2010,17,7,5,29
2011.666667,17,7,5,29
2013.333333,17,7,5,29
2015,17,7,5,29
2016.666667,17,8,5,30
2018.333333,16,8,6,30
2020,16,8,6,30
2021.666667,16,8,6,30
2023.333333,16,9,6,31
2025,16,9,6,31
2026.666667,15,9,7,31
2028.333333,15,9,7,31
2030,15,9,7,31
2031.666667,15,10,7,32
2033.333333,15,10,7,32
2035,14,10,8,32
2036.666667,14,10,8,32
2038.333333,14,10,8,32
2040,14,10,8,32
2041.666667,13,11,8,32
2043.333333,13,11,9,33
2045,13,11,9,33
2046.666667,13,11,9,33
2048.333333,13,11,9,33
2050,12,11,9,32
2051.666667,12,11,10,33
2053.333333,12,11,10,33
2055,12,11,10,33
2056.666667,11,11,10,32
2058.333333,11,11,10,32
2060,11,11,11,33
2061.666667,11,11,11,33
2063.333333,10,11,11,32
2065,10,11,11,32
2066.666667,10,11,11,32
2068.333333,10,11,12,33
2070,10,11,12,33
2071.666667,9,11,12,32
2073.333333,9,11,12,32
2075,9,11,12,32
2076.666667,9,11,12,32
2078.333333,8,10,13,31
2080,8,10,13,31
2081.666667,8,10,13,31
2083.333333,8,10,13,31
2085,7,10,13,30
2086.666667,7,10,14,31
2088.333333,7,9,14,30
2090,7,9,14,30
2091.666667,7,9,14,30
2093.333333,6,9,14,29
2095,6,8,14,28
2096.666667,6,8,14,28
2098.333333,6,8,15,29
2100,6,8,15,29
2101.666667,6,7,15,28
2103.333333,5,7,15,27
2105,5,7,15,27
2106.666667,5,7,15,27
2108.333333,5,6,15,26
2110,5,6,15,26
2111.666667,4,6,15,25
2113.333333,4,6,15,25
2115,4,5,15,24
2116.666667,4,5,16,25
2118.333333,4,5,16,25
2120,4,5,16,25
2121.666667,4,5,16,25
2123.333333,3,4,16,23
2125,3,4,16,23
2126.666667,3,4,16,23
2128.333333,3,4,16,23
2130,3,3,16,22
2131.666667,3,3,16,22
2133.333333,3,3,16,22
2135,2,3,16,21
2136.666667,2,3,16,21
2138.333333,2,3,16,21
2140,2,2,16,20
2141.666667,2,2,16,20
2143.333333,2,2,16,20
2145,2,2,16,20
2146.666667,2,2,16,20
2148.333333,2,2,15,19
2150,2,1,15,18
2151.666667,1,1,15,17
2153.333333,1,1,15,17
2155,1,1,15,17
2156.666667,1,1,15,17
2158.333333,1,1,15,17
2160,1,1,15,17
2161.666667,1,1,15,17
2163.333333,1,1,15,17
2165,1,1,14,16
2166.666667,1,0,14,15
2168.333333,1,0,14,15
2170,1,0,14,15
2171.666667,1,0,14,15
2173.333333,1,0,14,15
2175,1,0,14,15
2176.666667,1,0,13,14
2178.333333,0,0,13,13
2180,0,0,13,13
2181.666667,0,0,13,13
2183.333333,0,0,13,13
2185,0,0,13,13
2186.666667,0,0,12,12
2188.333333,0,0,12,12
2190,0,0,12,12
2191.666667,0,0,12,12
2193.333333,0,0,12,12
2195,0,0,12,12
2196.666667,0,0,11,11
2198.333333,0,0,11,11
2200,0,0,11,11
2201.666667,0,0,11,11
2203.333333,0,0,11,11
2205,0,0,10,10
2206.666667,0,0,10,10
2208.333333,0,0,10,10
2210,0,0,10,10
2211.666667,0,0,10,10
2213.333333,0,0,9,9
2215,0,0,9,9
2216.666667,0,0,9,9
2218.333333,0,0,9,9
2220,0,0,8,8
2221.666667,0,0,8,8
2223.333333,0,0,8,8
2225,0,0,8,8
2226.666667,0,0,8,8
2228.333333,0,0,7,7
2230,0,0,7,7
2231.666667,0,0,7,7
2233.333333,0,0,7,7
2235,0,0,7,7
2236.666667,0,0,7,7
2238.333333,0,0,6,6
2240,0,0,6,6
2241.666667,0,0,6,6
2243.333333,0,0,6,6
2245,0,0,6,6
2246.666667,0,0,5,5
2248.333333,0,0,5,5
2250,0,0,5,5
2251.666667,0,0,5,5
2253.333333,0,0,5,5
2255,0,0,5,5
2256.666667,0,0,4,4
2258.333333,0,0,4,4
2260,0,0,4,4
2261.666667,0,0,4,4
2263.333333,0,0,4,4
2265,0,0,4,4
2266.666667,0,0,4,4
2268.333333,0,0,3,3
2270,0,0,3,3
2271.666667,0,0,3,3
2273.333333,0,0,3,3
2275,0,0,3,3
2276.666667,0,0,3,3
2278.333333,0,0,3,3
2280,0,0,3,3
2281.666667,0,0,2,2
2283.333333,0,0,2,2
2285,0,0,2,2
2286.666667,0,0,2,2
2288.333333,0,0,2,2
2290,0,0,2,2
2291.666667,0,0,2,2
2293.333333,0,0,2,2
2295,0,0,2,2
2296.666667,0,0,2,2
2298.333333,0,0,1,1
2300,0,0,1,1
2301.666667,0,0,1,1
2303.333333,0,0,1,1
2305,0,0,1,1
2306.666667,0,0,1,1
2308.333333,0,0,1,1
2310,0,0,1,1
2311.666667,0,0,1,1
2313.333333,0,0,1,1
2315,0,0,1,1
2316.666667,0,0,1,1
2318.333333,0,0,1,1
2320,0,0,1,1
2321.666667,0,0,1,1
2323.333333,0,0,0,0
2325,0,0,0,0
2326.666667,0,0,0,0
2328.333333,0,0,0,0
2330,0,0,0,0
2331.666667,0,0,0,0
2333.333333,0,0,0,0
2335,0,0,0,0
2336.666667,0,0,0,0
2338.333333,0,0,0,0
2340,0,0,0,0
2341.666667,0,0,0,0
2343.333333,0,0,0,0
2345,0,0,0,0
2346.666667,0,0,0,0
2348.333333,0,0,0,0
2350,0,0,0,0
2351.666667,0,0,0,0
2353.333333,0,0,0,0
2355,0,0,0,0
2356.666667,0,0,0,0
2358.333333,0,0,0,0
2360,0,0,0,0
2361.666667,0,0,0,0
2363.333333,0,0,0,0
2365,0,0,0,0
2366.666667,0,0,0,0
2368.333333,0,0,0,0
2370,0,0,0,0
2371.666667,0,0,0,0
2373.333333,0,0,0,0
2375,0,0,0,0
2376.666667,0,0,0,0
2378.333333,0,0,0,0
2380,0,0,0,0
2381.666667,0,0,0,0
2383.333333,0,0,0,0
2385,0,0,0,0
2386.666667,0,0,0,0
2388.333333,0,0,0,0
2390,0,0,0,0
2391.666667,0,0,0,0
2393.333333,0,0,0,0
2395,0,0,0,0
2396.666667,0,0,0,0
2398.333333,0,0,0,0
